------------------------------------------------------------
` 1 2 3 4 5 6 7 8 9 0 [ ]     ~ ! @ # $ % ^ & * ( ) { }
z s u ' y v f g l p , / \     Z S U " Y V F G L P > ? |
o a e i b r n h t , =         O A E I B R N H T < +
q ; c w x d m j k -           Q : C W X D M J K _
------------------------------------------------------------
Keyboard effort
------------------------------------------------------------
k1                      0.912  72.8  72.8
k1,k2                   1.197  22.8  95.5
k1,k2,k3                1.253   4.5 100.0
b                       0.404  19.2  19.2
p                       0.849  40.4 147.6
ph                      0.000   0.0   0.0
pr                      0.222  26.2  26.2
pf                      0.491  57.8  83.9
s                       0.848  40.4 100.0
all                     2.101 100.0 100.0

#data effort_k1=>[0.912,72.787,72.787],
#data effort_k12=>[1.197,22.754,95.541],
#data effort_k123=>[1.253,4.459,100.000],
#data effort_base=>[0.404,19.229,19.229],
#data effort_penalty=>[0.849,40.420,147.572],
#data effort_penalty_hand=>[0.000,0.000,0.000],
#data effort_penalty_row=>[0.222,26.170,26.170],
#data effort_penalty_finger=>[0.491,57.768,83.937],
#data effort_path=>[0.848,40.351,100.000],
#data effort_all=>[2.101,100.000,100.000],

keyboard row frequency
------------------------------------------------------------
1                     2030635 22.2  22.2
2                     5914150 64.6  86.8
3                     1206380 13.2 100.0

#data row_data=>[qw(1 2 3)],
#data row_frequency=>[0.222,0.646,0.132],
#data row_cumulative=>[0.222,0.868,1.000],

keyboard hand frequency
------------------------------------------------------------
0                     4865274 53.2  53.2
1                     4285891 46.8 100.0

#data hand_data=>[qw(0 1)],
#data hand_frequency=>[0.532,0.468],
#data hand_cumulative=>[0.532,1.000],

keyboard finger frequency
------------------------------------------------------------
0                      728352  8.0   8.0
1                     1315059 14.4  22.3
2                     1606854 17.6  39.9
3                     1215009 13.3  53.2
6                     2080469 22.7  75.9
7                      776782  8.5  84.4
8                     1272766 13.9  98.3
9                      155874  1.7 100.0

#data finger_data=>[qw(0 1 2 3 6 7 8 9)],
#data finger_frequency=>[0.080,0.144,0.176,0.133,0.227,0.085,0.139,0.017],
#data finger_cumulative=>[0.080,0.223,0.399,0.532,0.759,0.844,0.983,1.000],

keyboard left hand run length
------------------------------------------------------------
1                     1656451 57.5  57.5
2                      686755 23.8  81.3
3                      284853  9.9  91.2
4                      149594  5.2  96.3
5                       60240  2.1  98.4
6                       25031  0.9  99.3
7                       11251  0.4  99.7
8                        5024  0.2  99.9
9                        2032  0.1  99.9
10                        887  0.0 100.0
11                        412  0.0 100.0
12                        184  0.0 100.0
13                         96  0.0 100.0
14                         33  0.0 100.0
15                         12  0.0 100.0
16                          9  0.0 100.0
17                          6  0.0 100.0
18                          3  0.0 100.0
19                          3  0.0 100.0
21                          2  0.0 100.0
22                          1  0.0 100.0
23                          1  0.0 100.0

#data left_hand_run_data=>[qw(1 2 3 4 5 6 7 8 9 10 11 12 13 14 15 16 17 18 19 21 22 23)],
#data left_hand_run_frequency=>[0.575,0.238,0.099,0.052,0.021,0.009,0.004,0.002,0.001,0.000,0.000,0.000,0.000,0.000,0.000,0.000,0.000,0.000,0.000,0.000,0.000,0.000],
#data left_hand_run_cumulative=>[0.575,0.813,0.912,0.963,0.984,0.993,0.997,0.999,0.999,1.000,1.000,1.000,1.000,1.000,1.000,1.000,1.000,1.000,1.000,1.000,1.000,1.000],

keyboard right hand run length
------------------------------------------------------------
1                     1688513 58.6  58.6
2                      842978 29.2  87.8
3                      288338 10.0  97.8
4                       58833  2.0  99.9
5                        3891  0.1 100.0
6                         281  0.0 100.0
7                          24  0.0 100.0
8                          11  0.0 100.0
9                           2  0.0 100.0
10                          1  0.0 100.0
11                          1  0.0 100.0
12                          1  0.0 100.0
16                          3  0.0 100.0
19                          1  0.0 100.0

#data right_hand_run_data=>[qw(1 2 3 4 5 6 7 8 9 10 11 12 16 19)],
#data right_hand_run_frequency=>[0.586,0.292,0.100,0.020,0.001,0.000,0.000,0.000,0.000,0.000,0.000,0.000,0.000,0.000],
#data right_hand_run_cumulative=>[0.586,0.878,0.978,0.999,1.000,1.000,1.000,1.000,1.000,1.000,1.000,1.000,1.000,1.000],

keyboard hand run length
------------------------------------------------------------
1                     3344964 58.0  58.0
2                     1529733 26.5  84.5
3                      573191  9.9  94.5
4                      208427  3.6  98.1
5                       64131  1.1  99.2
6                       25312  0.4  99.7
7                       11275  0.2  99.8
8                        5035  0.1  99.9
9                        2034  0.0 100.0
10                        888  0.0 100.0
11                        413  0.0 100.0
12                        185  0.0 100.0
13                         96  0.0 100.0
14                         33  0.0 100.0
15                         12  0.0 100.0
16                         12  0.0 100.0
17                          6  0.0 100.0
18                          3  0.0 100.0
19                          4  0.0 100.0
21                          2  0.0 100.0
22                          1  0.0 100.0
23                          1  0.0 100.0

#data all_hand_run_data=>[qw(1 2 3 4 5 6 7 8 9 10 11 12 13 14 15 16 17 18 19 21 22 23)],
#data all_hand_run_frequency=>[0.580,0.265,0.099,0.036,0.011,0.004,0.002,0.001,0.000,0.000,0.000,0.000,0.000,0.000,0.000,0.000,0.000,0.000,0.000,0.000,0.000,0.000],
#data all_hand_run_cumulative=>[0.580,0.845,0.945,0.981,0.992,0.997,0.998,0.999,1.000,1.000,1.000,1.000,1.000,1.000,1.000,1.000,1.000,1.000,1.000,1.000,1.000,1.000],

keyboard top row run length
------------------------------------------------------------
1                     1236339 75.3  75.3
2                      337718 20.6  95.9
3                       50967  3.1  99.0
4                       12079  0.7  99.8
5                        2867  0.2  99.9
6                         751  0.0 100.0
7                         191  0.0 100.0
8                          43  0.0 100.0
9                           8  0.0 100.0
10                          4  0.0 100.0
11                          1  0.0 100.0
12                          1  0.0 100.0
17                          1  0.0 100.0

#data t_row_run_data=>[qw(1 2 3 4 5 6 7 8 9 10 11 12 17)],
#data t_row_run_frequency=>[0.753,0.206,0.031,0.007,0.002,0.000,0.000,0.000,0.000,0.000,0.000,0.000,0.000],
#data t_row_run_cumulative=>[0.753,0.959,0.990,0.998,0.999,1.000,1.000,1.000,1.000,1.000,1.000,1.000,1.000],

keyboard home row run length
------------------------------------------------------------
1                      857781 35.7  35.7
2                      651192 27.1  62.8
3                      350296 14.6  77.3
4                      211344  8.8  86.1
5                      142481  5.9  92.1
6                       77676  3.2  95.3
7                       46857  1.9  97.2
8                       26757  1.1  98.4
9                       16161  0.7  99.0
10                       9592  0.4  99.4
11                       5457  0.2  99.7
12                       3314  0.1  99.8
13                       1988  0.1  99.9
14                       1189  0.0  99.9
15                        695  0.0 100.0
16                        427  0.0 100.0
17                        265  0.0 100.0
18                        126  0.0 100.0
19                         83  0.0 100.0
20                         43  0.0 100.0
21                         29  0.0 100.0
22                         11  0.0 100.0
23                          7  0.0 100.0
24                          8  0.0 100.0
25                          6  0.0 100.0
26                          1  0.0 100.0
28                          2  0.0 100.0
29                          1  0.0 100.0
30                          1  0.0 100.0
31                          1  0.0 100.0
34                          1  0.0 100.0

#data h_row_run_data=>[qw(1 2 3 4 5 6 7 8 9 10 11 12 13 14 15 16 17 18 19 20 21 22 23 24 25 26 28 29 30 31 34)],
#data h_row_run_frequency=>[0.357,0.271,0.146,0.088,0.059,0.032,0.019,0.011,0.007,0.004,0.002,0.001,0.001,0.000,0.000,0.000,0.000,0.000,0.000,0.000,0.000,0.000,0.000,0.000,0.000,0.000,0.000,0.000,0.000,0.000,0.000],
#data h_row_run_cumulative=>[0.357,0.628,0.773,0.861,0.921,0.953,0.972,0.984,0.990,0.994,0.997,0.998,0.999,0.999,1.000,1.000,1.000,1.000,1.000,1.000,1.000,1.000,1.000,1.000,1.000,1.000,1.000,1.000,1.000,1.000,1.000],

keyboard bottom row run length
------------------------------------------------------------
1                     1064118 91.5  91.5
2                       96331  8.3  99.8
3                        2200  0.2 100.0
4                          17  0.0 100.0
5                           1  0.0 100.0
6                           2  0.0 100.0
9                           4  0.0 100.0

#data b_row_run_data=>[qw(1 2 3 4 5 6 9)],
#data b_row_run_frequency=>[0.915,0.083,0.002,0.000,0.000,0.000,0.000],
#data b_row_run_cumulative=>[0.915,0.998,1.000,1.000,1.000,1.000,1.000],

keyboard row run length
------------------------------------------------------------
1                     3158238 60.6  60.6
2                     1085241 20.8  81.5
3                      403463  7.7  89.2
4                      223440  4.3  93.5
5                      145349  2.8  96.3
6                       78429  1.5  97.8
7                       47048  0.9  98.7
8                       26800  0.5  99.2
9                       16173  0.3  99.6
10                       9596  0.2  99.7
11                       5458  0.1  99.8
12                       3315  0.1  99.9
13                       1988  0.0  99.9
14                       1189  0.0 100.0
15                        695  0.0 100.0
16                        427  0.0 100.0
17                        266  0.0 100.0
18                        126  0.0 100.0
19                         83  0.0 100.0
20                         43  0.0 100.0
21                         29  0.0 100.0
22                         11  0.0 100.0
23                          7  0.0 100.0
24                          8  0.0 100.0
25                          6  0.0 100.0
26                          1  0.0 100.0
28                          2  0.0 100.0
29                          1  0.0 100.0
30                          1  0.0 100.0
31                          1  0.0 100.0
34                          1  0.0 100.0

#data all_row_run_data=>[qw(1 2 3 4 5 6 7 8 9 10 11 12 13 14 15 16 17 18 19 20 21 22 23 24 25 26 28 29 30 31 34)],
#data all_row_run_frequency=>[0.606,0.208,0.077,0.043,0.028,0.015,0.009,0.005,0.003,0.002,0.001,0.001,0.000,0.000,0.000,0.000,0.000,0.000,0.000,0.000,0.000,0.000,0.000,0.000,0.000,0.000,0.000,0.000,0.000,0.000,0.000],
#data all_row_run_cumulative=>[0.606,0.815,0.892,0.935,0.963,0.978,0.987,0.992,0.996,0.997,0.998,0.999,0.999,1.000,1.000,1.000,1.000,1.000,1.000,1.000,1.000,1.000,1.000,1.000,1.000,1.000,1.000,1.000,1.000,1.000,1.000],

keyboard finger run length
------------------------------------------------------------
1                     7533843 88.5  88.5
2                      896256 10.5  99.0
3                       78457  0.9  99.9
4                        5209  0.1 100.0
5                         477  0.0 100.0
6                          94  0.0 100.0
7                          15  0.0 100.0
8                           6  0.0 100.0
9                           5  0.0 100.0
11                          3  0.0 100.0
12                          1  0.0 100.0
19                          1  0.0 100.0
20                          1  0.0 100.0

#data finger_run_data=>[qw(1 2 3 4 5 6 7 8 9 11 12 19 20)],
#data finger_run_frequency=>[0.885,0.105,0.009,0.001,0.000,0.000,0.000,0.000,0.000,0.000,0.000,0.000,0.000],
#data finger_run_cumulative=>[0.885,0.990,0.999,1.000,1.000,1.000,1.000,1.000,1.000,1.000,1.000,1.000,1.000],

keyboard same-hand row jump length
------------------------------------------------------------
1                     5577713 77.0  77.0
2                     1088468 15.0  92.0
3                      382012  5.3  97.3
4                      127339  1.8  99.0
5                       43895  0.6  99.7
6                       15622  0.2  99.9
7                        6532  0.1 100.0
8                        1748  0.0 100.0
9                         778  0.0 100.0
10                        232  0.0 100.0
11                         76  0.0 100.0
12                         23  0.0 100.0
13                          4  0.0 100.0
14                          3  0.0 100.0
19                          1  0.0 100.0

#data row_jump_data=>[qw(1 2 3 4 5 6 7 8 9 10 11 12 13 14 19)],
#data row_jump_frequency=>[0.770,0.150,0.053,0.018,0.006,0.002,0.001,0.000,0.000,0.000,0.000,0.000,0.000,0.000,0.000],
#data row_jump_cumulative=>[0.770,0.920,0.973,0.990,0.997,0.999,1.000,1.000,1.000,1.000,1.000,1.000,1.000,1.000,1.000],

corpus character frequency
------------------------------------------------------------
e                     1189270 12.4  12.4
t                      857621  8.9  21.4
a                      772047  8.1  29.4
o                      743158  7.8  37.2
i                      664716  6.9  44.1
n                      659446  6.9  51.0
h                      601534  6.3  57.2
s                      600522  6.3  63.5
r                      551354  5.8  69.3
d                      428936  4.5  73.7
l                      395151  4.1  77.9
u                      278222  2.9  80.8
m                      257890  2.7  83.5
w                      230357  2.4  85.9
c                      228885  2.4  88.2
f                      208786  2.2  90.4
y                      202083  2.1  92.5
g                      192882  2.0  94.5
p                      158583  1.7  96.2
b                      149480  1.6  97.8
v                       91308  1.0  98.7
k                       78419  0.8  99.5
j                       14421  0.2  99.7
x                       14308  0.1  99.8
q                       10285  0.1  99.9
z                        6129  0.1 100.0

#data character_frequency_data=>[qw(e t a o i n h s r d l u m w c f y g p b v k j x q z)],
#data character_frequency_frequency=>[0.124,0.089,0.081,0.078,0.069,0.069,0.063,0.063,0.058,0.045,0.041,0.029,0.027,0.024,0.024,0.022,0.021,0.020,0.017,0.016,0.010,0.008,0.002,0.001,0.001,0.001],
#data character_frequency_cumulative=>[0.124,0.214,0.294,0.372,0.441,0.510,0.572,0.635,0.693,0.737,0.779,0.808,0.835,0.859,0.882,0.904,0.925,0.945,0.962,0.978,0.987,0.995,0.997,0.998,0.999,1.000],

